947
261404
685192
89423
22603
617817
0
740969
788736
957638
0
303805
383209
0
104105
616885
105100
553195
229607
12051
342185
665359
236519
69396
415199
368908
89498
0
353377
324628
766714
136426
857654
224758
236041
818235
725877
599246
538379
924327
665983
0
745514
197480
865547
887502
614875
674555
521132
758184
95358
15997
326477
324178
946505
638565
314467
0
164030
691602
59737
158229
863066
281855
114307
258911
69013
624262
0
801175
319861
0
409174
86385
171376
722321
795289
53722
907966
790385
910833
761340
482101
645185
602796
719977
315716
173887
913930
990352
919353
815205
558386
18474
177166
0
739920
48784
342554
318650
291308
53354
369452
203792
369798
188389
324365
400536
90475
956615
49829
367168
661867
838589
195247
764985
769775
725246
810216
0
271057
233502
940645
265874
0
586167
421528
331390
19476
300239
147134
521909
16101
702080
822030
297611
716422
882008
648330
40801
511142
230088
409080
638390
470031
191818
0
633143
707520
408119
274828
620332
360724
712010
319587
0
460231
107293
377956
720109
342869
707280
0
827553
801387
204478
345011
895003
514913
2867
418358
853241
305489
926316
117644
562985
31691
646988
127828
624003
44759
905671
117723
37939
688827
815544
0
451013
45925
742955
497127
883807
0
650267
413870
969498
826808
4705
989933
422911
68216
438470
163039
13737
922118
130956
288972
213288
492841
245167
284252
531703
908450
900209
884125
722563
754133
775620
0
791016
507305
917343
282198
530058
0
848394
18132
140742
928218
75445
300859
299906
610009
459240
371977
192241
165612
403123
342149
543810
431040
714963
314380
415339
643773
453590
745923
707772
810583
398370
714784
0
955668
527057
955707
568182
643441
808752
0
920904
701148
637402
616668
774742
0
110881
146195
849952
655266
694844
992545
186517
295454
0
0
55316
96837
729366
267099
454202
314220
812139
665054
597393
478627
318801
218318
654818
606896
744443
132773
34248
835909
424635
891646
201567
905
902423
44680
111707
64751
808776
27583
119746
281034
555286
840980
344361
391281
861308
428947
745300
213596
151499
251620
734973
37812
640327
815110
420533
698994
253050
518622
473844
686946
980718
107173
722085
329926
893643
901645
694306
777978
850356
774909
286642
960810
383452
932156
308800
845084
128233
353589
966278
280000
0
689222
746
613475
606241
0
361321
384124
1694
0
814263
826050
391540
335177
685938
0
339518
94236
270993
104750
444055
771638
195305
0
874654
119577
182600
294037
719411
531334
961190
176291
352284
512105
0
209010
956543
683358
0
603966
794469
891033
529459
0
1501
681050
641824
114709
650719
107147
113100
225413
62887
128490
235256
232583
80426
94516
844011
262411
317029
214424
816798
599076
971343
229581
313391
797625
392522
0
405996
629896
433190
241954
614840
311287
928254
499973
179441
850080
803696
401244
210691
810111
700677
946733
121587
898368
813355
713248
660896
126386
591432
408680
380587
690001
381397
274762
513154
186170
428311
201617
839289
228670
61008
41200
856427
683804
644832
693753
387882
640386
603019
822082
120379
127131
349477
203048
505216
632131
343087
485432
573067
680967
515578
571530
3926
502113
168947
320746
868437
603567
973803
182036
264715
716825
936121
54938
247011
363280
476425
479314
44725
713564
895336
686241
365803
182314
679514
140365
268081
785589
832972
0
891852
418309
441668
549070
707746
669789
691324
308161
765539
933630
110749
127628
385581
985555
318924
673802
764534
181105
885670
904239
461724
0
963999
615126
982293
655026
825887
167586
912801
261265
0
87739
660288
516489
570280
777653
0
247443
726342
63209
275544
218334
693247
584778
120365
578045
152639
683496
40667
644515
799882
397647
868989
327785
599064
6528
643972
745178
655160
455015
502931
581118
592011
591221
250404
715057
343202
245858
65881
118835
177823
121638
111851
87178
438334
754020
566750
519238
169387
822993
889105
306888
530261
753410
0
905887
890254
485210
953371
347938
873044
236665
495643
146364
580662
863563
490542
276503
129968
418737
530262
84722
81187
239572
906145
863015
251540
857382
0
97455
81064
525435
334828
9918
31624
20285
986988
577240
793198
909548
302382
330852
185903
0
63758
508386
131091
202300
772165
767733
510368
165410
424541
830664
398681
857315
234822
432722
499885
227615
55707
950774
490423
658033
889299
847923
82012
368006
712002
751422
698193
391764
257490
109115
117962
496907
96606
367090
815264
133188
394798
587203
487561
461485
675370
428437
348724
122100
202025
0
312592
244925
603713
928528
322405
623289
902493
521918
55911
884546
446819
691684
969266
490240
285610
575220
86838
840433
582088
784012
67286
214417
986173
843060
693287
497735
785095
693650
26982
200708
59056
40211
146731
240879
996484
456377
703418
754609
9114
871130
829618
897389
35419
129990
218752
553058
757301
29476
764932
77850
910608
658271
953505
427347
469578
479378
587203
143696
395359
0
707591
793971
459619
806932
614679
95541
36017
218861
897048
773535
884459
546434
675056
535858
687124
170138
488457
173031
803700
765423
779120
89562
395385
865176
530535
290556
240163
375293
231934
823762
0
920274
767741
305945
649548
909253
600241
472
640583
396563
824857
957531
33790
889197
106948
520063
556796
698017
485558
385880
112341
522962
365214
673876
161256
596287
402811
18259
456920
560143
270724
0
722262
541268
563889
610949
275523
542952
850299
515914
869240
895904
44408
913544
950971
341329
369955
407226
420315
166429
545096
411943
894359
905273
636400
316076
806750
990531
541931
18801
975247
166241
404606
733827
470045
338599
320327
193158
330595
471916
985012
719044
410517
522873
142809
53032
79345
654871
947346
916826
711816
119115
683835
107545
887982
189406
530852
179964
0
908213
784954
51152
243056
134553
970114
452851
252198
696336
2520
750529
717929
35653
550176
388653
488948
244018
136952
898191
850420
265168
636938
719561
10761
521229
781864
848188
9111
90701
505939
74417
402533
412202
841309
279500
322261
0
625210
342642
0
409294
693728
410075
423340
312954
467272
597127
46296
80847
605828
179085
525410
41356
84052
804035
552657
985349
594032
452851
0
132381
815756
105186
332273
535994
163628
19473
135111
684082
277444
199334
306529
365222
75494
248325
915490
707978
433030
353073
920208
308512
996584
941263
10763
632925
131127
0
226881
744250
0
762990
210969
389330
838237
119184
0
453566
62696
142695
779043
55742
343891
713426
478763
967497
680616
655824
884412
706570
0
455700
261685
136523
131344
691726
984795
38938
104850
478995
183462
875063
127131
845265
872916
777076
370869
574283
0
743986
85288
485210
486928
129827
255246
511676
547358
883755
866727
883440
643410
534125
29901
804888
958069
858389
691102
974859
778945
347261
0
194583
953559
442528
