876
88616
106851
800858
872716
0
852673
391571
512129
68168
310166
668106
6293
4266
626777
487549
236305
686231
65774
360920
29041
204956
180954
782453
808048
919665
12680
880985
919355
313398
716910
176530
228566
933025
123048
328285
462865
535452
852366
404077
877106
116871
162194
223634
209210
359089
868437
57663
426353
853480
510114
340489
22721
749639
950968
125619
946630
121122
80913
252098
454902
856158
833824
234317
459428
326130
658115
522051
801443
358428
754510
92624
537525
0
855209
328408
202998
897217
471513
409662
194565
807103
602323
350590
479917
594741
553078
987426
507719
823393
539484
413852
979308
669696
351373
438511
499832
119381
131301
250398
72652
800793
524547
301068
997757
284702
41488
748400
280734
696264
802887
443758
248423
106915
602228
756329
727637
529189
231281
598232
856151
72810
63638
689464
387163
411759
756376
791024
911447
993293
211683
129229
706834
432148
108629
874942
217630
105478
137957
897510
573779
553581
608630
336419
567611
413783
804945
59869
387651
680419
73420
684697
158312
139349
533093
951277
15063
829527
516109
964686
905394
682297
610355
23529
387946
609011
197763
90161
725106
948336
649305
205645
47479
206886
80578
241890
254224
176316
641143
720922
86160
355162
319854
889803
369011
756041
920167
11026
659563
553245
144037
202959
522868
617013
895181
701066
248041
127119
581770
711433
815721
180471
43653
360941
496660
395092
960770
140640
639052
973270
411733
311693
539680
291350
57602
808973
460808
72640
35891
504456
891000
763909
645139
307213
399766
512163
186510
110908
508089
846837
65720
807006
468233
472069
260497
272910
0
645171
131083
649740
498482
821395
39192
784807
986089
47366
524633
359955
209110
614458
868508
809925
697039
816127
968936
840856
198732
756374
311401
35238
108391
720083
0
424527
974970
388306
410515
662643
905420
0
940575
344571
220321
842494
594029
949007
49302
114109
7844
825121
859255
205829
983864
207524
861202
166919
897712
459093
358845
191473
98814
590079
555485
889354
942304
205977
977282
707262
771095
805307
590585
228478
551370
373937
492105
408724
985702
67524
4833
445767
494775
766440
647486
531744
74113
481594
178366
154464
0
557251
547666
582038
182921
29173
618624
783239
559456
131630
543180
40617
363334
221500
289678
407678
0
293828
340983
582091
273036
157041
527467
123564
246069
11479
19185
385641
21119
78202
490212
447167
782851
59900
682691
492178
291968
853117
600294
838022
936919
123170
133488
578033
790819
566640
477137
672899
682559
119652
801218
11017
262692
57742
780900
883226
267045
936520
291467
615108
612054
436705
988582
833660
469856
359021
135544
151877
121367
254216
16998
884816
466368
129297
680298
682928
256173
453591
265536
5604
207340
33548
86907
409821
769102
885269
218365
6965
236233
0
766667
526673
819632
621325
250085
269201
610791
500741
696882
525086
624990
788631
590702
516673
687380
485569
315508
594401
793296
107233
342751
657955
0
297725
258805
299274
646400
913694
111150
848673
625341
641153
68492
91142
84497
58504
196935
372133
541170
489674
0
936395
227969
275011
701661
174914
88830
278026
202379
356742
358929
887755
799779
839629
49753
263311
367220
914214
741837
631512
44103
514480
812443
795502
951290
88864
108729
830248
817660
0
175311
402225
576688
873932
470637
408046
909783
78116
252973
295833
0
546907
10345
0
203927
303232
53474
336355
708319
0
671456
330756
479301
0
115996
0
498787
848375
907689
626211
519476
981580
179403
0
543093
566190
476782
0
658137
645946
0
140505
27392
943120
472571
873554
733870
344896
290574
130019
857950
613749
0
132717
943718
0
586664
978359
499578
995890
140132
322925
992405
93899
394409
171466
603250
960409
152321
847041
0
311104
683144
826524
645360
996279
979460
0
0
252701
0
0
0
0
0
793837
729769
253068
536570
822128
453307
828409
30516
802155
154817
0
887946
273215
629596
513287
634035
212031
849846
934888
337017
547479
0
816701
824194
495179
224330
801541
929092
181636
702074
418599
93068
56382
976390
408955
896308
295467
29342
254445
52653
970059
651820
528990
222384
603420
0
406285
922812
275795
941411
0
443522
131803
942034
417111
773507
707609
570227
928560
590296
447127
545597
0
969079
959471
697505
311901
669326
78853
308982
437178
515001
527425
119858
556115
50283
582876
0
754150
822952
206272
485928
371894
144763
873199
827202
956990
420581
58386
408393
416952
277513
353545
722096
251593
413032
996836
0
695315
0
914682
0
904781
629513
199287
425393
929305
677121
994434
475874
979956
293791
723582
365327
783608
939084
122439
21342
668419
27739
0
741251
760253
21504
0
568202
727632
623009
0
294469
912613
287785
17835
50301
535672
571968
147021
949547
486075
33529
587109
56436
678772
0
814156
945338
895838
517397
673673
265026
0
603017
996418
391818
187132
714507
224040
92997
886343
745015
790264
101667
916565
879860
0
811871
19350
662468
95559
562608
0
652579
191644
977958
553598
87362
390103
465991
14057
994852
496304
0
606695
35565
554432
377973
486290
484129
292310
392631
0
233244
0
497231
523652
0
372100
619955
0
290746
0
104031
0
0
0
609331
0
0
472808
505324
894521
38070
0
646262
922774
605829
689136
908299
470582
967577
0
860066
0
0
294036
900595
463812
63113
0
333492
354135
546553
0
376215
484739
0
165033
415563
658758
0
470325
394241
715943
265255
981705
109303
484780
720351
820172
556110
939605
698299
476913
0
335208
124639
0
993264
136407
976166
0
446250
435865
582653
0
91031
818872
499552
187464
330997
618325
815092
111877
959284
433175
0
0
806080
304376
41705
546417
0
0
0
323052
249562
561037
0
574624
0
0
0
837102
0
36409
824
951612
50584
0
357823
765523
335452
761553
341646
91756
0
753047
116225
0
757532
0
353597
0
461841
0
587691
849670
517981
632801
0
56527
0
101690
0
0
0
810758
212176
0
0
877648
822655
576559
315267
15870
0
0
304161
778082
162889
0
375839
888356
0
0
135846
27723
493438
992631
648590
0
0
380076
453956
35825
720219
490484
964149
454337
337324
699482
0
0
0
868254
0
0
0
0
761396
259838
0
32018
0
723874
278320
0
0
0
650721
0
310599
0
0
0
650910
507038
73458
0
0
122381
626613
336678
177320
867485
919425
544137
687708
788346
0
347855
732861
603219
0
677205
722661
470181
408184
0
136672
931201
958346
751187
284107
847643
779186
919283
580851
15882
0
113272
882053
0
961963
329458
990599
575190
428970
460490
988535
323175
0
202590
986329
755273
0
0
722874
