815
0
65967
472116
19738
0
924140
14943
0
999334
133487
645930
365780
813396
733112
0
482982
452925
926121
352581
278720
0
0
0
726280
654313
252189
8698
684904
903470
0
451978
650274
402585
244033
180026
732063
127691
0
43939
522900
148127
877346
304856
187600
0
72921
832681
0
70317
648253
0
462356
317587
534030
649363
896626
0
81985
608675
92800
706188
273077
186349
718244
381832
489031
368197
422514
869618
701797
153270
625685
270571
430339
80267
194817
882134
782257
844812
0
744209
762442
709021
626275
586619
883986
325118
35831
68140
75966
561931
833858
0
280993
0
0
806704
455085
957647
680483
0
963277
0
763151
346651
0
568673
258402
800043
412498
50518
892667
0
334476
467360
207898
0
719874
839267
74683
962162
13073
711210
772308
0
712008
111408
0
0
313798
40273
242546
563857
0
420762
0
436238
0
744570
192480
583675
624846
25358
84827
90760
932671
0
906210
0
340219
366025
0
543449
448367
876506
369058
223956
940395
0
0
0
889176
212301
661650
493787
232909
351236
0
652035
118211
311677
209879
832495
0
366569
0
16525
288994
641627
911785
38317
74333
877329
713219
942858
411772
11280
266462
322647
0
595741
0
866879
239980
899822
272791
436324
680696
740568
129804
339062
329081
0
788499
980794
911466
0
617759
754396
196624
634309
703464
0
710942
0
0
598292
0
715021
757403
556488
361587
0
834865
647771
784485
439596
214265
922720
0
0
0
610831
519653
662669
250254
260873
684597
234938
602500
601632
0
514134
33688
0
738352
902329
0
163994
0
445085
170970
0
581345
0
851886
934203
544781
0
847319
550197
91190
0
0
46289
968732
361635
861061
217244
439807
541427
83348
289642
350767
35581
782154
714281
438047
355734
882551
566658
410415
29704
993431
346379
144401
0
581274
158098
0
631338
620540
751123
888133
337313
0
58019
709887
338751
0
856613
667001
0
0
427249
0
0
245136
295708
174768
0
782305
26940
973127
268900
655975
907489
274719
0
664752
445770
800811
889997
830216
570624
438127
512842
365881
725601
422298
897900
908718
644240
409362
0
704245
352539
223677
750654
617380
301424
613501
0
0
948566
752218
809251
323077
522536
414649
0
0
764509
154234
33707
284948
403445
204491
420864
986251
114835
0
352605
928515
244621
324240
334788
0
886974
530549
154460
97040
986050
277549
0
0
352333
785935
313457
156226
496837
799386
785099
0
305963
680872
0
646503
918595
935261
214018
80197
723069
968884
313687
537837
0
0
901052
489934
0
887267
403544
859479
649370
164443
0
62864
647178
367670
734793
25424
228311
409374
0
2943
780754
559716
762467
0
67463
980590
197479
0
763957
887109
800056
922267
433293
508675
543963
73962
981636
827977
0
0
363978
832080
438424
934401
216423
571582
848229
383051
139367
0
402365
79835
39739
385877
971258
891301
0
377335
253283
18266
901299
696461
45971
776509
328038
969834
857863
884628
518374
468008
0
349827
879799
654906
451610
431401
0
157784
321302
789875
834480
863031
803282
195963
919824
0
241752
213025
384269
0
0
0
741738
770422
936448
934874
0
187710
388766
69490
0
190797
514367
158045
563355
356967
0
530181
119825
693390
187480
168774
362239
320984
0
470252
65733
151937
412084
551033
845986
0
243192
939678
589104
973199
0
248663
127214
498323
384022
0
293406
949825
835864
957075
646260
600177
673494
810887
910184
555553
981410
346622
0
882324
29807
0
821788
49549
0
660987
298061
263024
201606
19779
67658
886924
0
750729
560160
805393
161602
617905
0
876885
442674
192856
751721
57957
0
0
891044
84362
748537
719350
520356
944376
76595
956121
389544
258866
447041
229568
332880
0
306654
36548
239978
493934
765441
662527
947196
899628
625722
0
983065
122916
306580
101070
243409
410187
389806
258922
899138
818163
0
923216
687511
342958
0
431658
47557
242359
582616
674889
86519
171164
980326
48133
485462
445956
231725
428290
645138
135753
27037
0
260811
417964
80440
241331
705754
0
0
858518
979294
998219
157212
0
23655
675589
0
636174
432568
948743
735730
795633
659227
0
0
877186
271357
698642
407930
762584
829769
820761
768579
164645
67630
573778
953271
730242
114177
67174
390076
344584
921914
395853
504094
837021
38139
982168
0
360712
669952
403804
172218
520897
196169
77342
717022
105577
748018
872550
55851
870661
0
0
32040
626445
0
842765
612633
943876
54139
985495
0
0
393432
400098
0
975585
69070
0
0
859778
104891
381080
407568
782100
597736
467607
386327
868325
553109
845952
0
242434
915109
361103
136448
0
466828
164269
168741
870037
188450
0
0
411188
395630
511114
924159
0
897727
113794
791849
0
536644
504732
679637
0
534292
0
970118
0
705716
787530
25692
221620
21583
655067
906163
545678
81968
288906
579657
245554
872722
164722
380074
936229
710808
684969
299571
723921
286166
0
876380
565513
891997
30819
0
0
408282
112
0
391801
697134
610685
344588
839065
487419
0
0
0
359141
694330
102863
687325
545671
230676
0
875596
183020
154024
270709
162205
872698
211491
453127
851699
908085
794976
510129
856150
0
77178
285177
0
0
641114
666481
679037
551831
0
831056
115902
758324
360488
657409
350722
0
671341
257625
0
955427
105138
61623
759828
0
546247
125451
0
472091
0
0
44012
844243
285435
0
17930
234451
184513
0
709320
14693
855549
16796
0
858147
238376
330652
262740
100047
830596
710349
0
240455
666538
600504
456744
718762
145148
34068
323104
638977
64659
277130
868356
288398
0
10576
605630
57500
605517
397344
591589
784979
343704
277589
806825
198446
588302
936442
415550
105383
873626
0
0
0
196865
113816
385176
379678
193747
966107
0
508144
0
912165
814187
967262
84596
210164
0
226935
41475
234590
454881
114303
814695
984555
142078
106766
480658
312725
113217
0
0
0
0
575652
817272
864883
408844
37724
0
798445
411228
510592
483880
287166
994100
402677
931356
0
898714
90703
710079
358710
659619
570397
230898
318164
0
836952
0
10187
864393
84492
958148
0
331226
961183
638813
564306
990173
508551
635975
0
216223
246211
571860
0
352728
0
830330
120572
520088
860736
246068
647950
864445
277881
507443
0
0
469011
826479
819437
765229
80837
571551
103544
502914
866363
997426
754978
0
415888
174930
177265
231143
321557
587942
232009
585241
726087
0
0
332636
